[ 1  0  2  3  4  6  5  7  8 10]
[11 12 13  9 14 15 17 16 19 20]
[21 22 18 23 24 25 26 27 29 28]
[30 32 31 34 33 35 37 36 39 40]
[41 42 43 38 44 46 45 48 49 50]
[51 52 47 53 54 56 55 57 59 58]
[60 61 62 63 65 66 64 68 67 70]
[71 72 69 74 73 75 76 77 79 78]
[81 82 83 80 84 86 87 88 89 85]
[90 92 91 94 95 96 97 93 99 98]
[101 102 103 100 104 106 105 108 109 107]
[110 111 113 112 114 116 115 118 119 117]
[121 120 123 124 122 125 127 128 126 130]
[131 129 132 134 133 135 137 136 139 140]
[138 141 143 144 142 145 147 146 148 149]
[151 150 152 153 154 155 156 157 159 158]
[160 161 162 164 165 163 166 167 168 170]
[169 171 172 173 175 176 174 177 179 178]
[181 182 180 183 184 186 187 185 188 189]
[190 191 192 194 195 193 197 196 199 200]
[201 198 202 204 205 203 207 208 209 206]
[210 211 213 212 215 216 217 214 218 220]
[219 221 223 224 225 226 227 228 222 229]
[230 232 231 233 235 234 236 238 239 237]
[241 240 242 243 245 244 247 246 248 250]
[249 252 251 253 254 255 257 256 258 259]
[261 260 262 263 264 266 267 268 269 265]
[270 271 272 273 274 276 277 275 279 278]
[280 281 283 282 285 284 287 286 288 290]
[289 291 292 294 293 296 297 295 298 300]
[299 301 302 304 305 306 307 303 309 308]
[311 312 310 314 315 316 313 318 319 320]
[317 322 321 323 324 325 327 328 326 329]
[330 331 332 333 334 336 337 335 338 340]
[339 341 343 342 344 345 347 346 348 350]
[351 349 353 354 352 355 356 358 359 360]
[361 357 362 363 364 365 367 368 369 370]
[371 366 372 374 373 376 375 377 379 378]
[381 382 383 384 380 386 387 385 389 388]
[390 391 393 392 395 394 396 398 399 400]
[397 402 401 403 405 406 404 408 407 409]
[411 410 413 412 414 415 416 417 418 419]
[421 422 420 424 423 425 427 426 428 429]
[431 432 430 433 435 434 437 436 439 440]
[441 442 438 444 445 443 446 448 449 447]
[451 450 452 454 455 456 457 453 458 460]
[461 459 463 464 465 466 467 468 469 470]
[471 462 473 474 472 475 476 478 477 480]
[479 481 483 482 485 486 484 488 487 490]
[491 489 493 494 495 496 492 498 497 499]
[501 500 503 502 504 505 506 507 509 508]
[511 512 510 514 515 513 517 518 519 520]
[521 516 523 522 525 526 524 528 529 530]
[531 532 527 534 535 533 536 537 539 540]
[538 542 543 544 541 545 547 546 549 548]
[551 550 552 553 555 554 557 556 558 560]
[559 561 562 563 564 565 567 566 568 569]
[571 570 572 573 574 576 575 578 579 580]
[581 577 582 583 585 584 586 587 589 588]
[590 591 592 593 594 596 595 597 599 600]
[601 598 602 603 605 606 607 608 604 610]
[609 612 613 614 611 616 615 618 619 620]
[617 621 622 624 623 625 627 626 629 628]
[631 632 630 634 635 636 637 633 638 639]
[640 642 643 644 645 641 647 648 649 650]
[646 651 652 653 655 654 656 657 658 659]
[661 662 663 664 665 660 666 668 667 670]
[671 672 673 669 674 676 677 678 679 675]
[680 681 682 683 684 686 685 687 689 690]
[688 692 691 694 695 696 693 698 697 699]
[700 702 701 703 705 706 704 707 709 708]
[711 710 712 713 715 716 714 717 719 718]
[720 721 723 722 724 726 725 727 728 730]
[729 731 733 734 735 732 736 737 739 738]
[741 740 743 742 744 745 746 747 748 749]
[750 751 752 753 755 754 757 758 759 756]
[760 761 763 762 764 765 767 766 769 770]
[768 771 773 774 772 775 777 776 778 780]
[781 782 779 783 785 786 784 788 787 789]
[790 791 792 794 793 796 795 797 799 798]
[801 802 803 804 805 800 806 807 809 810]
[808 812 811 814 815 813 817 816 818 819]
[821 822 820 824 823 825 827 826 828 830]
[829 831 833 832 834 835 837 838 836 840]
[841 839 843 842 845 844 846 847 848 849]
[850 852 853 854 851 856 857 855 858 859]
[860 862 861 864 863 865 866 867 869 870]
[871 872 873 868 875 874 876 878 877 880]
[881 879 883 884 885 886 887 882 889 890]
[888 891 892 894 895 896 897 893 898 899]
[900 901 902 903 905 904 907 908 909 910]
[911 912 906 914 915 916 913 917 918 920]
[921 919 922 924 923 926 925 927 929 928]
[931 932 933 930 935 934 936 938 937 939]
[941 942 940 943 945 944 947 948 949 950]
[951 952 953 946 954 956 955 958 957 960]
[959 961 962 964 963 966 965 967 969 968]
[970 971 972 974 973 976 977 975 979 978]
[980 982 983 984 981 986 987 988 989 990]
[985 991 992 993 994 996 995 998 999 997]
