[ 0 10  1 11  2 12  3 13  4 14]
[ 5 15  6 16  7 17  8 18  9 19]
[20 30 21 31 22 32 23 33 24 34]
[25 35 26 36 27 37 28 38 29 39]
[40 50 41 51 42 52 43 53 44 54]
[45 55 46 56 47 57 48 58 49 59]
[60 70 61 71 62 72 63 73 64 74]
[65 75 66 76 67 77 68 78 69 79]
[80 90 81 91 82 92 83 93 84 94]
[85 95 86 96 87 97 88 98 89 99]
[100 110 101 111 102 112 103 113 104 114]
[105 115 106 116 107 117 108 118 109 119]
[120 130 121 131 122 132 123 133 124 134]
[125 135 126 136 127 137 128 138 129 139]
[140 150 141 151 142 152 143 153 144 154]
[145 155 146 156 147 157 148 158 149 159]
[160 170 161 171 162 172 163 173 164 174]
[165 175 166 176 167 177 168 178 169 179]
[180 190 181 191 182 192 183 193 184 194]
[185 195 186 196 187 197 188 198 189 199]
[200 210 201 211 202 212 203 213 204 214]
[205 215 206 216 207 217 208 218 209 219]
[220 230 221 231 222 232 223 233 224 234]
[225 235 226 236 227 237 228 238 229 239]
[240 250 241 251 242 252 243 253 244 254]
[245 255 246 256 247 257 248 258 249 259]
[260 270 261 271 262 272 263 273 264 274]
[265 275 266 276 267 277 268 278 269 279]
[280 290 281 291 282 292 283 293 284 294]
[285 295 286 296 287 297 288 298 289 299]
[300 310 301 311 302 312 303 313 304 314]
[305 315 306 316 307 317 308 318 309 319]
[320 330 321 331 322 332 323 333 324 334]
[325 335 326 336 327 337 328 338 329 339]
[340 350 341 351 342 352 343 353 344 354]
[345 355 346 356 347 357 348 358 349 359]
[360 370 361 371 362 372 363 373 364 374]
[365 375 366 376 367 377 368 378 369 379]
[380 390 381 391 382 392 383 393 384 394]
[385 395 386 396 387 397 388 398 389 399]
[400 410 401 411 402 412 403 413 404 414]
[405 415 406 416 407 417 408 418 409 419]
[420 430 421 431 422 432 423 433 424 434]
[425 435 426 436 427 437 428 438 429 439]
[440 450 441 451 442 452 443 453 444 454]
[445 455 446 456 447 457 448 458 449 459]
[460 470 461 471 462 472 463 473 464 474]
[465 475 466 476 467 477 468 478 469 479]
[480 490 481 491 482 492 483 493 484 494]
[485 495 486 496 487 497 488 498 489 499]
[500 510 501 511 502 512 503 513 504 514]
[505 515 506 516 507 517 508 518 509 519]
[520 530 521 531 522 532 523 533 524 534]
[525 535 526 536 527 537 528 538 529 539]
[540 550 541 551 542 552 543 553 544 554]
[545 555 546 556 547 557 548 558 549 559]
[560 570 561 571 562 572 563 573 564 574]
[565 575 566 576 567 577 568 578 569 579]
[580 590 581 591 582 592 583 593 584 594]
[585 595 586 596 587 597 588 598 589 599]
[600 610 601 611 602 612 603 613 604 614]
[605 615 606 616 607 617 608 618 609 619]
[620 630 621 631 622 632 623 633 624 634]
[625 635 626 636 627 637 628 638 629 639]
[640 650 641 651 642 652 643 653 644 654]
[645 655 646 656 647 657 648 658 649 659]
[660 670 661 671 662 672 663 673 664 674]
[665 675 666 676 667 677 668 678 669 679]
[680 690 681 691 682 692 683 693 684 694]
[685 695 686 696 687 697 688 698 689 699]
[700 710 701 711 702 712 703 713 704 714]
[705 715 706 716 707 717 708 718 709 719]
[720 730 721 731 722 732 723 733 724 734]
[725 735 726 736 727 737 728 738 729 739]
[740 750 741 751 742 752 743 753 744 754]
[745 755 746 756 747 757 748 758 749 759]
[760 770 761 771 762 772 763 773 764 774]
[765 775 766 776 767 777 768 778 769 779]
[780 790 781 791 782 792 783 793 784 794]
[785 795 786 796 787 797 788 798 789 799]
[800 810 801 811 802 812 803 813 804 814]
[805 815 806 816 807 817 808 818 809 819]
[820 830 821 831 822 832 823 833 824 834]
[825 835 826 836 827 837 828 838 829 839]
[840 850 841 851 842 852 843 853 844 854]
[845 855 846 856 847 857 848 858 849 859]
[860 870 861 871 862 872 863 873 864 874]
[865 875 866 876 867 877 868 878 869 879]
[880 890 881 891 882 892 883 893 884 894]
[885 895 886 896 887 897 888 898 889 899]
[900 910 901 911 902 912 903 913 904 914]
[905 915 906 916 907 917 908 918 909 919]
[920 930 921 931 922 932 923 933 924 934]
[925 935 926 936 927 937 928 938 929 939]
[940 950 941 951 942 952 943 953 944 954]
[945 955 946 956 947 957 948 958 949 959]
[960 970 961 971 962 972 963 973 964 974]
[965 975 966 976 967 977 968 978 969 979]
[980 990 981 991 982 992 983 993 984 994]
[985 995 986 996 987 997 988 998 989 999]
