[10  3  5  0  6  4 13 15 17  7]
[14  2 16 18  9 21 32 22 24 33]
[ 1 30 12 36 31 34 23 27 20 11]
[28 25 26 51 35  8 40 37 38 39]
[29 50 42 55 41 56 19 44 43 48]
[53 54 46 61 58 45 71 70 72 49]
[74 63 47 59 66 77 62 68 73 75]
[79 76 57 52 91 82 80 69 78 93]
[83 95 60 96 67 94 97 65 84 85]
[ 88  92 101  86 110  98 112  87 113  89]
[114 103  90 102 105 111 106 104 118 107]
[ 99 115 120 117 121 100 123 108 119 109]
[131 116 132  81 125 122 127 128 137 129]
[138 140 133 139 124 141  64 130 153 152]
[135 145 143 126 136 147 157 142 154 159]
[150 170 149 151 156 158 163 173 164 161]
[155 174 144 166 176 146 160 171 177 134]
[169 168 172 191 180 179 190 193 178 182]
[192 165 181 183 167 185 196 162 186 195]
[199 188 175 198 201 148 212 194 197 200]
[187 211 203 214 207 215 217 218 204 208]
[209 219 184 231 202 213 221 233 216 232]
[225 234 220 236 206 205 228 238 226 239]
[224 240 227 222 241 223 250 189 251 244]
[252 229 237 235 256 247 246 253 249 255]
[258 230 248 242 271 243 272 210 264 245]
[270 260 261 273 266 259 276 278 265 267]
[279 290 254 257 275 277 274 291 292 268]
[281 294 282 269 262 283 296 284 287 297]
[299 285 295 288 286 302 289 293 304 303]
[312 301 280 305 315 310 317 298 313 308]
[306 318 316 319 309 332 263 314 324 307]
[300 323 322 311 336 337 331 326 333 339]
[325 330 341 335 328 340 338 320 343 334]
[342 329 344 355 345 327 354 350 321 351]
[347 358 361 370 352 353 348 371 359 349]
[364 357 366 376 362 360 375 377 374 365]
[378 380 356 363 372 367 346 383 368 392]
[390 394 391 382 395 373 397 388 386 399]
[398 384 400 401 393 381 385 410 412 402]
[413 411 404 389 403 407 417 369 415 416]
[406 430 387 431 419 432 423 421 396 409]
[433 434 405 420 436 425 422 418 427 428]
[408 450 440 429 451 438 426 424 452 414]
[441 435 442 446 439 456 453 443 445 459]
[454 458 448 449 455 470 444 379 463 474]
[461 473 471 462 466 467 468 476 447 472]
[437 469 477 475 464 457 490 493 482 481]
[478 460 491 486 483 479 488 492 497 495]
[500 498 499 484 487 510 494 465 502 496]
[501 504 513 489 503 512 514 511 515 509]
[480 507 518 521 520 530 517 519 505 531]
[532 534 508 522 535 523 533 528 506 524]
[529 550 540 551 539 485 538 552 542 554]
[527 543 546 555 525 553 545 547 549 544]
[541 570 558 556 560 526 562 516 536 561]
[573 575 564 576 537 559 565 568 563 548]
[566 578 577 581 557 567 569 583 592 574]
[590 572 595 596 585 594 597 588 580 579]
[598 571 601 589 582 593 602 600 611 612]
[605 610 586 606 599 584 614 613 591 607]
[619 618 615 609 620 603 630 587 623 621]
[631 634 633 624 622 636 608 616 628 635]
[629 640 641 625 650 651 626 637 643 642]
[644 627 655 639 654 632 648 645 653 649]
[659 617 657 656 646 662 661 672 664 671]
[660 665 604 676 673 675 638 677 678 668]
[674 679 652 681 658 663 680 670 683 693]
[647 692 667 696 686 690 666 694 684 687]
[699 697 695 689 691 702 701 703 710 711]
[714 688 706 704 715 685 705 707 669 682]
[709 719 712 720 730 716 708 721 724 734]
[718 732 723 733 698 700 736 717 729 738]
[725 735 740 750 722 728 726 751 739 737]
[731 754 742 756 743 752 745 748 749 727]
[744 747 761 771 770 757 753 755 760 773]
[713 741 766 774 765 767 746 775 778 768]
[762 776 790 769 781 763 777 780 784 782]
[794 758 793 791 796 764 788 772 783 787]
[799 759 779 795 801 786 800 813 785 797]
[811 814 810 798 803 815 789 808 802 805]
[804 817 807 831 792 809 821 823 818 812]
[830 835 824 826 836 820 819 827 825 838]
[829 840 841 822 837 833 852 832 816 834]
[842 850 845 855 854 844 857 856 849 839]
[860 847 861 859 858 853 851 870 872 871]
[828 864 846 862 843 875 876 848 863 877]
[869 873 868 879 880 892 867 866 890 806]
[894 882 874 865 883 895 893 885 884 889]
[888 899 878 881 891 896 901 903 886 887]
[905 900 906 916 910 911 917 918 902 915]
[914 913 912 898 909 908 904 931 919 922]
[930 924 907 933 926 934 932 935 938 927]
[897 921 923 937 929 952 936 950 925 943]
[953 945 955 920 940 944 957 939 956 947]
[960 946 951 941 962 948 949 963 970 954]
[961 965 974 942 976 967 966 968 969 978]
[979 980 972 977 959 971 975 981 964 928]
[983 991 993 990 995 992 987 985 996 984]
[989 994 986 999 988 958 998 997 982 973]
