[450 530 451 531 452 532 453 533 454 534]
[455 535 456 536 457 537 458 538 459 539]
[750 580 751 581 752 582 753 583 754 584]
[755 585 756 586 757 587 758 588 759 589]
[740  30 741  31 742  32 743  33 744  34]
[745  35 746  36 747  37 748  38 749  39]
[210  40 211  41 212  42 213  43 214  44]
[215  45 216  46 217  47 218  48 219  49]
[830 410 831 411 832 412 833 413 834 414]
[835 415 836 416 837 417 838 418 839 419]
[  0 430   1 431   2 432   3 433   4 434]
[  5 435   6 436   7 437   8 438   9 439]
[240 890 241 891 242 892 243 893 244 894]
[245 895 246 896 247 897 248 898 249 899]
[400 780 401 781 402 782 403 783 404 784]
[405 785 406 786 407 787 408 788 409 789]
[180 630 181 631 182 632 183 633 184 634]
[185 635 186 636 187 637 188 638 189 639]
[ 70 800  71 801  72 802  73 803  74 804]
[ 75 805  76 806  77 807  78 808  79 809]
[220 570 221 571 222 572 223 573 224 574]
[225 575 226 576 227 577 228 578 229 579]
[670 950 671 951 672 952 673 953 674 954]
[675 955 676 956 677 957 678 958 679 959]
[300 810 301 811 302 812 303 813 304 814]
[305 815 306 816 307 817 308 818 309 819]
[ 20 170  21 171  22 172  23 173  24 174]
[ 25 175  26 176  27 177  28 178  29 179]
[720 130 721 131 722 132 723 133 724 134]
[725 135 726 136 727 137 728 138 729 139]
[560 510 561 511 562 512 563 513 564 514]
[565 515 566 516 567 517 568 518 569 519]
[920 200 921 201 922 202 923 203 924 204]
[925 205 926 206 927 207 928 208 929 209]
[550 140 551 141 552 142 553 143 554 144]
[555 145 556 146 557 147 558 148 559 149]
[970 420 971 421 972 422 973 423 974 424]
[975 425 976 426 977 427 978 428 979 429]
[590 910 591 911 592 912 593 913 594 914]
[595 915 596 916 597 917 598 918 599 919]
[650 360 651 361 652 362 653 363 654 364]
[655 365 656 366 657 367 658 368 659 369]
[380 470 381 471 382 472 383 473 384 474]
[385 475 386 476 387 477 388 478 389 479]
[100 600 101 601 102 602 103 603 104 604]
[105 605 106 606 107 607 108 608 109 609]
[540 760 541 761 542 762 543 763 544 764]
[545 765 546 766 547 767 548 768 549 769]
[ 50 120  51 121  52 122  53 123  54 124]
[ 55 125  56 126  57 127  58 128  59 129]
[370 980 371 981 372 982 373 983 374 984]
[375 985 376 986 377 987 378 988 379 989]
[690 610 691 611 692 612 693 613 694 614]
[695 615 696 616 697 617 698 618 699 619]
[110 460 111 461 112 462 113 463 114 464]
[115 465 116 466 117 467 118 468 119 469]
[290 770 291 771 292 772 293 773 294 774]
[295 775 296 776 297 777 298 778 299 779]
[710 850 711 851 712 852 713 853 714 854]
[715 855 716 856 717 857 718 858 719 859]
[790 940 791 941 792 942 793 943 794 944]
[795 945 796 946 797 947 798 948 799 949]
[390 680 391 681 392 682 393 683 394 684]
[395 685 396 686 397 687 398 688 399 689]
[270 440 271 441 272 442 273 443 274 444]
[275 445 276 446 277 447 278 448 279 449]
[190 840 191 841 192 842 193 843 194 844]
[195 845 196 846 197 847 198 848 199 849]
[330  10 331  11 332  12 333  13 334  14]
[335  15 336  16 337  17 338  18 339  19]
[350 620 351 621 352 622 353 623 354 624]
[355 625 356 626 357 627 358 628 359 629]
[ 80 500  81 501  82 502  83 503  84 504]
[ 85 505  86 506  87 507  88 508  89 509]
[280 860 281 861 282 862 283 863 284 864]
[285 865 286 866 287 867 288 868 289 869]
[930  90 931  91 932  92 933  93 934  94]
[935  95 936  96 937  97 938  98 939  99]
[730 320 731 321 732 322 733 323 734 324]
[735 325 736 326 737 327 738 328 739 329]
[160 260 161 261 162 262 163 263 164 264]
[165 265 166 266 167 267 168 268 169 269]
[700 230 701 231 702 232 703 233 704 234]
[705 235 706 236 707 237 708 238 709 239]
[990 520 991 521 992 522 993 523 994 524]
[995 525 996 526 997 527 998 528 999 529]
[960 870 961 871 962 872 963 873 964 874]
[965 875 966 876 967 877 968 878 969 879]
[490 340 491 341 492 342 493 343 494 344]
[495 345 496 346 497 347 498 348 499 349]
[820  60 821  61 822  62 823  63 824  64]
[825  65 826  66 827  67 828  68 829  69]
[900 480 901 481 902 482 903 483 904 484]
[905 485 906 486 907 487 908 488 909 489]
[880 250 881 251 882 252 883 253 884 254]
[885 255 886 256 887 257 888 258 889 259]
[640 660 641 661 642 662 643 663 644 664]
[645 665 646 666 647 667 648 668 649 669]
[150 310 151 311 152 312 153 313 154 314]
[155 315 156 316 157 317 158 318 159 319]
