[562 564 565  23  20  26 563 560 568  22]
[561  27  29  24  61 500  28  21 504 503]
[ 62  64  25 502 507 567 508  68 506 505]
[501  65 569  66 509 932  67  63 566  69]
[704 930 933  60 703 701 705 700 939 937]
[706 931 702 707 770 662 935 708 936 773]
[709 665 775 664 938 667 660 776 663 669]
[661 900 666 779 840 934 903 778 902 844]
[842 901 668 771 774 847 907 848 846 849]
[841 480 905 843 909 482 713 712 710 845]
[484 714 715 485 904 716 711 908 483 772]
[717 906 670 486 671 718 487 132 719 489]
[777 672 674 136 673 131 676 675 137 135]
[679 488 161 880 678 481 162 882 138 164]
[884 881 885 160 134 163 168 139 165 889]
[133 167 166 883 571 677 887 583 584 886]
[570 130 585 169 573 582 576 578 580 888]
[579 750 751 572 586 581 575 752 588 194]
[193 191 190 754 574 577 197 757 587 198]
[755 589 199 753 140 756 192 195 759 142]
[144 830 831 145 832 835 143 838 833 758]
[146 839 149 371 150 834 148 151 837 141]
[370 152 374 373 836 147 377 154 153 158]
[157 156 378 159 196 602 155 391 603 376]
[379 375 396 372 397 601 394 608 604 395]
[605 399 609 392 390 862 861 412 410 606]
[863 398 865 864 860 417 866 867 419 414]
[416 869 820 868 418  32 600 607  30  31]
[823 824 411 826 825  37 822 393  35 821]
[ 33  36  38 810  34 170 172 171 413 811]
[174  39 175 814 813 827 817 178 828 812]
[818 177 415 829 179 815 176 510 173 513]
[514 634 633 515 635 819 511 518 638 512]
[636 516 280 630 816 990 991 283 992 517]
[282 631 995 284 519 994 287 993 996 639]
[637 288  50 440 285 997 281 442 289 632]
[ 55 443 998 446  51  53 441 286  58  54]
[ 57 540 221  56 220 542 223 447 444 448]
[999 545 222 226 224  59 225 228 229  52]
[548 541 227  70 546 232 544  73 231 233]
[234 547 543 549  72  71 236  76 238  77]
[230  78 237 239  75 492 801 491 804  79]
[800 805 495 490 803 496 802 493 806 809]
[235 497 499 970 972 494 973 449 445 981]
[974 971 498 980 986 975 982 985 807 976]
[977 808 978 983 989 361 988 987 362 984]
[942 944  74 363 941 979 368 360 364 365]
[367 946 366  81 260 369  82 948 261 940]
[264 943 262  86 945  85 268  84 947 265]
[267 400  87 741 269 266  83 401  88 403]
[744 745 743 402  89 263 406 747 746 742]
[407 740 404 949 748 691 692 592 405 590]
[749 693 596 694 695 595 408 591 698 597]
[696 599 461 320 462  80 460 593 323 598]
[324 409 690 466 463 327 697 468 699 328]
[325 594 322 960 532 326 464 469 467 329]
[963 465 535 530 964 533 538 537 961 969]
[ 40 962 539 340 966  41 321 342 967 965]
[343 531  43  45  46 345 347 968  48 534]
[ 49 341 349 348  42 891  12 536 344  44]
[ 15  13 890  16  11 897  17 895 896  19]
[894  47  14  18  10 470 473 252 471 254]
[893 255 475 251 472 256 899 478 253 250]
[898 258 257 181 476 259 243 346 474 242]
[477 240 244 892 246 245 184 185 479 188]
[186 310 247 180 312 241 189 183 248 311]
[790 794 249 793 313 187 796 316 795 314]
[315 290 799 792 292 182 732 791 733 797]
[734 318 293 296 730 319 295 737 294 738]
[736 297 798 739 298 202 317 452 731 454]
[451 201 205 206 456 291 204 450 200 453]
[458 203 207 910 111 299 455 913 735 112]
[911 208 116 916 110 914 209 918 912 115]
[915 114 119 101 117 917 721 459 102 919]
[103 722 118 100 726 723 105 720 107 457]
[113 104 650 727 724 652  90 651 729  91]
[ 94 108  93 653 656  92 725  97  98 106]
[ 99 610 657 728 654  95 659 353 352 614]
[354 613 109 355 351 615 617 350  96 616]
[619 658 358 611 359 122 655 760 356 124]
[762 123 764 618 127 121 612 128 763 357]
[768 550 761 431 126 765 430 120 552 434]
[767 435 551 433 769 766 437 432 559 554]
[439 555 558 556 420 553 212 125 557 213]
[210 422 436 211 424 425 438 428 218 215]
[217 427 300 429 214 421 129 521 520 304]
[216 303 426 525 306 423 526 527 305 301]
[523 308 524 309 528 642 302 271 219 270]
[643 522 274 646 647 641 277 307 529 276]
[275 645 279 331 648   0   2 272   3 333]
[  4 278 644   6 337 336 640 335 339 273]
[  7   1 334 649   9 680   5 681 624   8]
[621 332 330 625 683 686 685 628 688 627]
[629 870 920 623 622 689 684 872 871 338]
[874 921 924 873 875 922 927 926 626 682]
[877 950 878 876 923 780 929 951 953 784]
[879 952 783 956 954 955 957 786 687 788]
[787 959 789 958 850 785 620 383 781 854]
[853 782 382 381 852 385 855 851 380 856]
[387 857 388 386 858 384 859 389 928 925]
